9.865424685103637570e-01,6.002404301290163204e-03,2.595262727942825032e-03,4.144525894329608232e-04,4.445411870970366816e-03
9.987287184686790553e-01,6.990421760605469801e-04,1.605984578167714142e-04,2.253908195554064990e-05,3.891018154879788350e-04
9.996430797020401382e-01,2.448816031501547283e-04,4.049920314412942037e-05,4.740645564301861881e-06,6.679884610128740093e-05
9.995995711403563577e-01,2.985801449721365674e-04,3.939667901129945100e-05,4.304685886607531305e-06,5.814734977373195484e-05
9.997337358750837399e-01,1.990881995359467004e-04,2.404028544033443460e-05,2.916701156230476735e-06,4.021893878384487153e-05
9.996934700948360009e-01,2.177176495407205019e-04,3.274067734480971158e-05,4.259317113228493658e-06,5.181226116547959419e-05
9.995647356889136859e-01,2.529677894440366640e-04,3.711053041542010437e-05,6.064958317808752825e-06,1.391210329090416197e-04
9.995428720141736889e-01,3.466035478186915752e-04,2.981519838517355194e-05,2.668317686016989288e-06,7.804092193635593015e-05
9.996293200845796090e-01,2.960664230538902534e-04,2.216004926762190144e-05,1.859845186284170635e-06,5.059359791257341720e-05
9.987050409717664889e-01,1.129867407302474628e-03,5.451539893415514214e-05,3.161383420048981290e-06,1.074148385769401181e-04
9.966114565251884549e-01,3.146186638903082818e-03,1.037613471398515438e-04,3.964493001736515721e-06,1.346309957669458723e-04
9.993728408984764444e-01,5.269298501360103991e-04,4.541410789755389731e-05,2.251462432424519413e-06,5.256368105756883236e-05
9.996584175211941092e-01,2.737358262752179455e-04,2.832383808153922218e-05,1.643041254935550349e-06,3.787977319416304729e-05
9.997653267797318444e-01,1.817130894338345377e-04,2.175996265970479515e-05,1.786377095559398329e-06,2.941379107912595704e-05
9.997974082374930793e-01,1.431443598099237688e-04,2.325239960293709496e-05,4.416497464534260202e-06,3.177850562951111313e-05
9.997548835443096360e-01,1.411257883758279194e-04,3.134986889513063772e-05,1.396740915879979462e-05,5.867338926080381913e-05
9.996507366137434847e-01,1.760465774659358156e-04,3.981166628032050965e-05,2.048650598463117419e-05,1.129186365256163463e-04
9.997320631237393007e-01,1.058933187954269573e-04,2.091320694978011867e-05,8.895633031266391940e-06,1.322347174842578054e-04
9.997825092876423403e-01,1.222434078442297578e-04,2.753534364334763042e-05,7.039999690977541112e-06,6.067196117910816379e-05
9.998700303562513270e-01,8.732621535378731726e-05,1.532044318585592272e-05,2.563635001496507973e-06,2.475935020772001608e-05
9.998814029377461887e-01,6.756141199091977238e-05,1.263495409126838213e-05,2.134517273795479914e-06,3.626617889793376081e-05
9.997863724332465285e-01,1.429996379792660593e-04,2.292448958208383696e-05,3.555877019201028322e-06,4.414756217273174265e-05
9.998474364477046850e-01,1.024090547523281069e-04,1.652709364459518373e-05,2.369548061936400528e-06,3.125785583637879193e-05
9.998202959609088225e-01,1.239376731862336888e-04,1.636308370639921601e-05,2.192315041897690590e-06,3.721096715671112044e-05
9.998466459553351227e-01,8.159957438951525590e-05,1.556454961869999735e-05,2.231057649776631926e-06,5.395886300694233096e-05
9.998532181513276607e-01,8.072502990922544332e-05,1.289791680589365076e-05,1.673013245603142081e-06,5.148588871163579619e-05
9.998179648252056850e-01,8.926549898505252987e-05,1.688484749263003879e-05,2.356385552834037454e-06,7.352844276371690326e-05
9.998159207234006418e-01,1.195412901339316225e-04,1.442792622045953083e-05,1.709142976047329567e-06,4.840091726886478396e-05
9.997941024234273666e-01,1.473067267873004156e-04,1.524781103766148536e-05,1.675187991590122797e-06,4.166785075600988331e-05
9.998162970909866276e-01,1.324361296009576687e-04,1.455275275357385196e-05,1.546807134959729409e-06,3.516721952394111624e-05
9.995585826666936180e-01,3.518005898494109998e-04,2.537873736567637076e-05,2.568814998415988743e-06,6.166919109287444310e-05
9.996978670850292792e-01,2.377987776434803467e-04,2.171251336691602595e-05,1.987327893342560322e-06,4.063429606693088394e-05
9.997538629450235526e-01,1.772801025212079505e-04,2.475990433308858211e-05,2.587679484717832817e-06,4.150936863750403187e-05
9.997579157966056673e-01,1.890573388405132269e-04,2.079456192844217395e-05,2.374169642660793969e-06,2.985813298278420941e-05
9.998227272460913362e-01,1.235933037184404738e-04,2.037806983753176764e-05,2.528763145075929165e-06,3.077261720742438658e-05
9.998299661873445432e-01,1.086676350101359269e-04,2.203997868520525511e-05,3.008501998429111889e-06,3.631769696164156890e-05
9.998331948714520578e-01,9.334623061806984453e-05,2.087375761726974340e-05,2.853241403228232186e-06,4.973189890951715681e-05
9.998299641132588622e-01,1.155030044529767872e-04,1.873284405594096113e-05,2.175063104818641812e-06,3.362497512725622664e-05
9.998589867419884758e-01,1.033637233445264134e-04,1.395935945553369906e-05,1.652526309982464509e-06,2.203764890163198141e-05
9.998240172527768088e-01,1.196058447544046967e-04,1.749963666329679593e-05,2.339872443727497880e-06,3.653739336193909712e-05
9.998323883826110148e-01,9.867708288662602005e-05,2.027861179326822825e-05,2.735995647325379369e-06,4.591992706183491060e-05
9.998110677241639488e-01,9.926936564129115791e-05,2.120868317459245642e-05,3.016264389158326681e-06,6.543796263085076780e-05
9.998210455470099012e-01,1.194211022612550539e-04,2.230675492568978414e-05,2.263014016359153612e-06,3.496358178682831174e-05
9.997860786713715919e-01,1.473225641563029418e-04,2.666935579940546308e-05,2.815235929332409985e-06,3.711417274338788290e-05
9.996958245229631279e-01,2.288643823656549901e-04,3.194610856850480830e-05,3.392961573501877826e-06,3.997202452908399416e-05
9.998263632932075096e-01,1.032265980645268207e-04,3.125620057340012663e-05,3.681807430452793856e-06,3.547210072411117570e-05
9.999146307658056676e-01,5.518101472002616816e-05,1.546540303677328241e-05,1.471909679527736999e-06,1.325090675807902796e-05
9.998841249094509998e-01,7.766671450999508629e-05,1.911509539838575721e-05,1.994826900539468197e-06,1.709845373996824746e-05
9.998599999302587582e-01,9.795419820012804004e-05,1.560249349863966577e-05,2.039951925974253002e-06,2.440342611644784524e-05
9.998842471394878695e-01,7.200134834446891537e-05,1.004162404412762256e-05,1.433075589894805770e-06,3.227681253366835337e-05
9.998241589882874703e-01,1.253018702849480550e-04,1.633075039985889708e-05,1.944653185956718737e-06,3.226373784168342122e-05
9.997139920216410180e-01,2.092894065608794530e-04,2.602497682849409981e-05,2.842657066968679388e-06,4.785093790267633127e-05
9.997944074802848080e-01,1.588961149163402558e-04,1.645711972087099881e-05,1.617004191720090869e-06,2.862228088626715491e-05
9.998261395085109582e-01,1.263310636987243082e-04,1.558149291260221283e-05,1.929058536538262148e-06,3.001887634119204641e-05
9.998301447724011748e-01,1.270915689707019806e-04,1.577616577929148806e-05,1.717824291381991544e-06,2.526966855747726055e-05
9.997993925036156027e-01,1.316276888932442263e-04,1.942025662305823277e-05,2.445619378341517039e-06,4.711393148978054664e-05
9.998059282688019911e-01,1.225435926001009574e-04,1.821043360870458244e-05,2.123949924262822411e-06,5.119375506489627078e-05
9.998426811471090581e-01,8.899172689153444712e-05,1.571144278031242112e-05,1.738159702169342293e-06,5.087752351687599607e-05
9.998523738299327501e-01,9.265770210126378261e-05,1.448834373681400554e-05,1.708978852370029108e-06,3.877114537688045428e-05
9.998167283751676626e-01,1.340502275740846640e-04,1.705579143228736999e-05,1.711611583658693726e-06,3.045399424230764258e-05
9.998646190914978193e-01,1.027253564847374167e-04,1.171575929808853958e-05,1.194806275484265018e-06,1.974498644374953258e-05
9.998194499347266007e-01,1.097681952353974527e-04,1.266104598429014980e-05,1.674480236722049324e-06,5.644634381699156810e-05
9.998225598745590359e-01,1.179376640071003678e-04,1.341342917613019334e-05,1.615279026854316328e-06,4.447375323072329001e-05
9.998461084771811391e-01,1.004052670375475632e-04,1.210428422918141810e-05,1.496326872720426338e-06,3.988564467925996261e-05
9.998955763932306784e-01,5.293637271662423612e-05,7.807872130182736921e-06,1.093251748473823944e-06,4.258611017404720795e-05
9.998577052609282090e-01,7.227868286916292351e-05,1.545361931919230023e-05,1.915202012186299381e-06,5.264723487120423793e-05
9.998804811355221922e-01,7.471330802815356279e-05,1.486295413287973762e-05,1.517315480008157032e-06,2.842528683685855226e-05
9.998506357126309974e-01,1.093863400040946210e-04,1.414370065306040482e-05,1.499048008430435085e-06,2.433519870322939390e-05
9.998796771397742145e-01,8.470084404946546467e-05,1.094311633912947531e-05,1.206920630242959668e-06,2.347197920690935686e-05
9.998749111240364806e-01,9.108645952633392430e-05,1.022880567245843672e-05,1.087655320722098238e-06,2.268595544393636060e-05
9.998618076262184573e-01,1.050314569120784760e-04,1.213279478384244154e-05,1.185673071951634076e-06,1.984244901372184464e-05
9.998954644965444283e-01,7.568336403234298001e-05,9.338616513067303455e-06,1.022011358721416301e-06,1.849151155138716011e-05
9.999084591031942582e-01,5.038659728145470452e-05,8.841082910139647769e-06,1.089239356709396576e-06,3.122397725732378634e-05
9.998948063545709530e-01,7.160097387232885492e-05,1.091030002179310865e-05,1.175108790691901507e-06,2.150726274418746306e-05
9.999028545132612189e-01,6.353348001971953290e-05,1.106514101988085157e-05,1.156934755630216720e-06,2.138993094364420252e-05
9.998153143689660904e-01,8.851071360358691144e-05,1.999657349937787305e-05,2.553324840575895243e-06,7.362501909049298104e-05
9.998409229401615805e-01,6.423046944782211413e-05,1.829238938149944270e-05,2.237871835109396211e-06,7.431632917392876753e-05
9.998696597850872392e-01,7.717811175079332365e-05,1.462674918244917985e-05,1.542835768975588214e-06,3.699251821053454309e-05
9.998969181843619936e-01,6.917656442391266741e-05,1.220221203426860099e-05,1.339631126729332737e-06,2.036340805314400325e-05
9.998787254860856955e-01,8.458910437207912112e-05,1.279741031449301257e-05,1.512519549729960711e-06,2.237547967796678580e-05
9.998908697442158156e-01,7.169052420786481915e-05,1.060429571400752988e-05,1.288827206813313899e-06,2.554660865543174886e-05
9.998801328044840675e-01,7.840883288850685980e-05,1.203066845126931061e-05,1.400773293588771963e-06,2.802692088256061496e-05
9.999024845031633246e-01,5.965658139083675199e-05,8.912272097887865118e-06,1.104941654455203669e-06,2.784170169368124475e-05
9.998767258599322583e-01,7.012669508547123541e-05,9.841791402622332354e-06,1.429940565874547691e-06,4.187571301378929502e-05
9.999172425764579764e-01,4.601291125628119346e-05,9.387239023072698599e-06,1.121065703832073230e-06,2.623620755867142623e-05
9.997709541165230585e-01,1.054460079005104526e-04,1.940763784917735502e-05,2.909944035922114419e-06,1.012822936913628251e-04
9.998088379039921092e-01,1.134506004714335418e-04,1.375207665580530612e-05,1.845363671987846011e-06,6.211405520866719577e-05
9.998264206397745602e-01,1.175581354192864768e-04,1.570522827612450418e-05,1.860703791618207334e-06,3.845529273842057791e-05
9.998754576348509726e-01,8.234904637542836642e-05,1.157657948169971342e-05,1.400041882092180511e-06,2.921669740980316549e-05
9.999286545236687473e-01,4.405114797473258748e-05,1.026302152950707743e-05,1.036193166621636116e-06,1.599511366046084984e-05
9.998550187124466415e-01,9.761362964136414142e-05,1.792743449728635195e-05,1.923208685463897203e-06,2.751701472917288588e-05
9.999086180075995589e-01,5.486745564863954830e-05,1.057848770393901436e-05,1.167652390087266990e-06,2.476839665758653807e-05
9.998993099305016896e-01,6.765902052365750478e-05,1.097457618129316808e-05,1.142766393543138966e-06,2.091370639977845907e-05
9.998973998226882154e-01,6.870910003661429596e-05,1.079239809280267432e-05,1.136788646368236948e-06,2.196189053606160569e-05
9.999232834746305532e-01,5.000611883289555207e-05,9.101041278701917360e-06,9.527084136451474348e-07,1.665665684411467032e-05
9.999214013775054033e-01,4.994049217530556960e-05,8.640546934116601608e-06,9.794203459733735218e-07,1.903816303930169743e-05
9.999200900197948716e-01,4.784774347883510810e-05,8.682013823463115168e-06,1.041982636728559558e-06,2.233824026605266767e-05
9.999041922404684479e-01,6.051803345083551139e-05,1.084593278767322711e-05,1.177786882187363508e-06,2.326600641104669540e-05
9.999183909776406809e-01,4.869943832829278635e-05,1.026345016568790895e-05,1.058294137645289294e-06,2.158783972777970401e-05
9.998995137937354283e-01,5.774920369053949113e-05,1.523168894122707578e-05,1.567527630428632857e-06,2.593778600210936881e-05
9.998763945397891595e-01,8.122910129691033091e-05,1.538368615171974342e-05,1.617327566889753903e-06,2.537534519545628532e-05
9.998674399089941822e-01,9.070498567453667848e-05,1.502502482231357136e-05,1.525636782643105816e-06,2.530444372624594273e-05
9.998895394031545036e-01,7.704616037121041878e-05,1.006350705531723687e-05,1.141008104502571040e-06,2.220992131443092862e-05
9.998672266000491193e-01,9.577000720955092185e-05,1.187222421327279297e-05,1.348247884270745102e-06,2.378292064384499011e-05
9.999185397939167608e-01,5.903217680153246649e-05,8.408136083136092507e-06,8.801228602020646536e-07,1.313977033843538228e-05
9.999166299141666325e-01,5.859358162221164185e-05,8.677202858460996519e-06,9.476092028107242085e-07,1.515169214998622876e-05
9.999165133352957424e-01,5.938589150348702134e-05,9.423365127984678852e-06,9.900569695395033712e-07,1.368735110318419811e-05
9.999337658061163703e-01,4.537402716877208397e-05,7.377093592600224174e-06,7.521935733741049704e-07,1.273087954879376927e-05
9.999114103763950823e-01,6.145787667566883169e-05,1.011513274021255160e-05,1.025433376133428768e-06,1.599118081291433030e-05
9.999066601553755484e-01,6.727792199360522845e-05,9.719557864036374681e-06,9.754086314568221078e-07,1.536695613548237109e-05
9.999319423547401442e-01,4.770464933501962121e-05,8.888248582151592775e-06,8.158656542101672148e-07,1.064888168855843302e-05
9.998868973146226580e-01,7.959131143318063999e-05,1.411697038395605745e-05,1.388496803999413614e-06,1.800590675617069937e-05
9.999167249445958250e-01,5.939150236731417158e-05,1.058006187527275860e-05,1.074259164570962593e-06,1.222923199724658111e-05
9.998932455573890099e-01,7.767927686734545578e-05,1.225128208934924318e-05,1.253911013466547446e-06,1.556997264076470883e-05
9.999303292961844170e-01,5.066216036097426602e-05,8.332674599260859614e-06,7.775623829032733880e-07,9.898306472282977116e-06
9.998916081830726554e-01,7.939432289209116301e-05,1.026194132739225042e-05,1.094529031582965158e-06,1.764102367602230330e-05
9.998919247224326012e-01,8.085234232177042194e-05,9.740663194412891158e-06,1.032192419445199426e-06,1.645007963179640639e-05
9.998666022360170880e-01,1.002352452324570947e-04,1.065209795580432675e-05,1.087591049929512575e-06,2.142282974480031274e-05
9.998894155033993814e-01,8.458461954243986743e-05,9.984920234928920942e-06,9.372046696190025696e-07,1.507775215365061644e-05
9.998494543683795754e-01,1.176824645369828305e-04,1.232986013028577060e-05,1.261143926137864330e-06,1.927216302699213163e-05
9.998589030870200789e-01,1.099684494715005747e-04,1.161843682062456626e-05,1.165442938685363794e-06,1.834458374907985901e-05
9.998790158912260750e-01,9.429511153460554389e-05,1.002517039894657683e-05,1.086276116386030451e-06,1.557755072402352731e-05
9.999030661361211214e-01,7.327769898122348392e-05,8.323104160238080460e-06,9.896681950021353279e-07,1.434339254256291948e-05
9.998994890299954807e-01,7.151981006524862157e-05,9.948767513556668927e-06,1.238486915988366907e-06,1.780390550969879402e-05
9.999018055271320371e-01,7.153964377311316754e-05,9.731105595703290568e-06,1.120115636415853630e-06,1.580360786274761554e-05
9.999033447781825457e-01,7.383895988939146251e-05,9.045908229065948466e-06,9.740283061014934896e-07,1.279632539288901908e-05
9.999104091921994231e-01,6.727512589984822715e-05,7.736619296157326499e-06,9.004458851391768255e-07,1.367861671923390728e-05
9.998847037985628683e-01,8.325183628724692423e-05,8.671338832829978503e-06,1.249258363548996247e-06,2.212376795332274067e-05
9.999219442169393623e-01,5.069166820590604585e-05,6.572482857720621892e-06,8.887816804334229487e-07,1.990285031660413633e-05
9.998824119264891896e-01,8.372880138071953744e-05,9.682504800046815182e-06,1.270061160226623299e-06,2.290670616972967678e-05
9.999111535894109615e-01,6.410745745919648776e-05,9.003350182958993737e-06,9.008918137662744715e-07,1.483471113305576280e-05
9.999155400609738287e-01,5.985168810242688528e-05,8.748158492234930664e-06,9.667517501770249028e-07,1.489334068113388866e-05
9.999239055065404225e-01,4.843188760006439516e-05,7.149027438615911832e-06,9.635185466456948115e-07,1.955005987430045460e-05
9.998686893112896934e-01,9.354981151118762963e-05,1.347477994449278452e-05,1.449826190880666087e-06,2.283627106380710462e-05
9.998439678597557112e-01,1.205106501047824763e-04,1.357428818222257602e-05,1.653701325553720241e-06,2.029350063162808598e-05
9.998328292768459136e-01,1.309214409373511820e-04,1.461408965562345504e-05,1.636055183497642918e-06,1.999913737760689576e-05
9.997601652578324005e-01,1.933840112168945231e-04,1.888725659555322663e-05,2.253302981333091684e-06,2.531017137375401747e-05
9.998033967533865862e-01,1.617622959903702623e-04,1.494158211196659189e-05,1.513880968998944936e-06,1.838548754204202755e-05
9.997997733398856779e-01,1.664759451151446960e-04,1.535642173041122337e-05,1.487407310152143832e-06,1.690688595866484035e-05
9.997685103305896659e-01,1.973280382362942360e-04,1.250175339144557947e-05,1.264343239687658776e-06,2.039553454287360517e-05
9.997015880772379681e-01,2.583712298596838280e-04,1.444458542529614529e-05,1.322799476882221096e-06,2.427330800030476116e-05
9.997863631383606675e-01,1.762333480827040768e-04,1.339182804418628957e-05,1.455979241265981148e-06,2.255570627131801373e-05
9.996935201107238766e-01,2.612391330644593234e-04,1.832745898768878756e-05,1.620848781398471017e-06,2.529244844249264754e-05
9.997260538578893740e-01,2.305584590500796705e-04,1.776321017402978367e-05,1.518426672219270277e-06,2.410604621416571970e-05
9.996741322110060946e-01,2.612078441431606537e-04,1.809141537833220103e-05,1.890605702436992648e-06,4.467792376997916390e-05
9.997219126838366998e-01,2.219226269062792966e-04,1.887514682355404176e-05,1.915333005059163432e-06,3.537420942855780588e-05
9.997756054864470610e-01,1.808298617839697059e-04,1.930519204166808927e-05,1.751362290828660885e-06,2.250809743650381025e-05
9.996720467015258738e-01,2.724554417176708017e-04,2.908998329197082830e-05,2.657817958479904638e-06,2.375005550611062081e-05
9.996509201203371831e-01,2.978830616740946310e-04,2.510864143952061664e-05,2.436439404774449298e-06,2.365173714445322289e-05
9.996339839928837234e-01,3.138526419325324019e-04,2.446445633019776855e-05,2.411076742049003187e-06,2.528783211153614270e-05
9.991264100906986911e-01,7.694662538550406210e-04,5.646167167788081583e-05,4.814117572956439956e-06,4.284786619523767962e-05
9.997238257855992627e-01,2.335026764699995249e-04,1.994066210634280091e-05,1.840053370281109494e-06,2.089082245403712406e-05
9.984180999583684990e-01,1.405362555760936464e-03,6.544955177079260630e-05,4.833444337675033131e-06,1.062544897619864759e-04
9.970967680776452458e-01,2.589463900124231843e-03,9.041449327902303468e-05,5.077082855710285637e-06,2.182764460958777077e-04
9.982040996187779847e-01,1.562511985261956157e-03,8.269334345556421677e-05,4.694156148306691622e-06,1.460008963563098666e-04
9.855100226947275388e-01,1.338945541314739800e-02,3.589059710123728504e-04,1.321780452962579357e-05,7.283981165832634436e-04
9.970201188082098431e-01,2.626661172572015025e-03,1.186169565427704244e-04,5.698079452107852835e-06,2.289049832233138175e-04
9.892949106824031613e-01,9.693843125557771376e-03,2.490575408230819130e-04,1.006241381968895102e-05,7.521262373962508659e-04
9.986472591159990531e-01,1.145368076645845610e-03,6.907606422642527204e-05,3.638165089968694036e-06,1.346585780385496265e-04
9.997297569580434473e-01,2.148431741788552475e-04,2.343772196158881539e-05,1.786269587358300711e-06,3.017587622875529584e-05
9.997691967721993311e-01,1.751474804172161359e-04,2.157726228989723994e-05,1.787366039115335793e-06,3.229111905444197054e-05
9.997995394700052163e-01,1.481766715978050911e-04,2.363250328520996195e-05,2.047718306023115123e-06,2.660363680574159780e-05
9.996362163859081607e-01,2.395760070813012280e-04,4.761842876460588883e-05,5.306781161785275259e-06,7.128239708413567309e-05
9.998562111496245297e-01,8.647774236759703421e-05,1.624608278512329655e-05,1.971389734123915534e-06,3.909363548866299424e-05
9.994479165749781124e-01,3.741245673941673874e-04,3.536650245082515441e-05,4.415488266743006195e-06,1.381768669102128048e-04
9.973572146000883043e-01,2.288760035245370351e-03,9.846565861597531542e-05,5.775127300717797231e-06,2.497845787496753736e-04
9.738115958755099166e-01,2.494589047961927666e-02,5.541234807105376806e-04,1.403411135083308984e-05,6.743560528094143724e-04
8.121885093351481899e-01,1.809486910202834919e-01,4.419470613604397323e-03,5.443129244922636969e-05,2.388897738514686106e-03
9.710674117072153333e-01,2.524008012774408768e-02,7.030431545404759947e-04,1.629787095417146460e-05,2.973167139545854556e-03
9.877920361907867042e-01,1.101970606552250646e-02,2.776733886481536811e-04,7.549078510822394069e-06,9.030352765318669069e-04
9.954626936878304688e-01,4.125870302716149254e-03,1.147731472700157018e-04,3.524400801994965056e-06,2.931384613813345840e-04
9.857593028522935175e-01,1.341070697538113664e-02,3.886679339961132901e-04,9.076268322819874422e-06,4.322459700064503179e-04
9.415398302812308939e-01,5.639547348183267944e-02,1.204712699252463368e-03,1.793219968489390197e-05,8.420513379992138146e-04
9.975926927438060199e-01,2.143956268335036296e-03,8.888958729805336524e-05,3.371074941452501782e-06,1.710903256195944560e-04
9.816848241310869305e-01,1.711686609178156987e-02,3.306900216829286392e-04,8.320083778471807086e-06,8.592996716701443083e-04
9.060894015072933350e-01,8.750233052381711785e-02,1.687775106943529635e-03,2.783496179832846838e-05,4.692657900147566979e-03
9.453671124929886593e-01,5.008530331459729729e-02,1.305853624833946350e-03,1.445394225994061727e-05,3.227276625320126685e-03
9.127855208080841720e-01,8.120727732802482390e-02,1.814217040325706446e-03,1.734799761146280745e-05,4.175636825953695994e-03
9.151808608218631180e-01,7.690467757687771688e-02,2.602938882405867512e-03,3.144503933435844424e-05,5.280077679519028927e-03
8.518376541734611340e-01,1.379060359466132979e-01,4.302377574138430832e-03,3.559561427908725963e-05,5.918336691508017250e-03
8.501812158207158188e-01,1.161398549247211059e-01,3.929709089394239387e-03,5.351255071107985270e-05,2.969570761445782317e-02
7.175973482800663827e-01,5.531738167796033251e-02,2.340667998695013675e-03,6.696849760823209879e-05,2.246776335456699969e-01
9.595943290505398737e-01,1.664242501436526134e-02,4.931256722675636311e-04,2.050275499455405572e-05,2.324961750783283848e-02
8.950009676293533278e-01,1.541554373541227999e-02,7.133706297540100705e-04,4.237813906477353110e-05,8.882773986641577524e-02
7.521074416015770536e-01,4.466652829139824976e-02,1.837007815247201003e-03,6.731248400053818366e-05,2.013217098077769163e-01
5.970102889317430161e-01,1.128512394629234972e-01,4.186088698224498320e-03,1.011705344676533847e-04,2.858512123726412724e-01
6.107197894732340204e-01,8.397109133027580441e-02,2.534089358664338900e-03,6.891455193365631502e-05,3.027061152858921411e-01
6.078535555723699746e-01,1.116118946684169638e-01,3.316015840555883859e-03,7.503378580582900116e-05,2.771435001328514947e-01
5.976109706481805839e-01,1.035643903337844368e-01,3.190962390651151497e-03,6.740370748014778079e-05,2.955662729199037275e-01
4.745308562478443570e-01,6.613048668036625166e-02,1.994388238360989083e-03,5.293150534676197325e-05,4.572913373280815263e-01
5.858786828210618136e-01,1.790947922604906317e-01,4.027619735628890779e-03,4.948030475102213420e-05,2.309494248780676051e-01
4.212057977161940414e-01,3.993070260160621610e-01,1.138834178383011514e-02,8.627879405069163027e-05,1.680125556898629247e-01
6.571141315600029786e-01,2.499135667767458657e-01,7.605894903763030755e-03,6.012048950002871379e-05,8.530628626998805475e-02
5.223958874159527754e-01,2.313566520305135321e-01,6.615269032279181075e-03,7.322559521824809352e-05,2.395589659260362325e-01
7.912550265154933982e-01,1.354375686116681410e-01,3.597444872570411747e-03,4.500837583368973806e-05,6.966495162443446520e-02
7.996162649680931267e-01,1.473353703174236917e-01,3.748223895545650837e-03,4.971805200580927341e-05,4.925042276693183951e-02
7.698225598665117131e-01,1.656933875445125159e-01,4.387278701964444569e-03,4.581935159540584851e-05,6.005095453541590966e-02
6.660372515189495468e-01,2.728107311745854857e-01,7.349680160345152882e-03,5.479125268242563334e-05,5.374754589343723465e-02
5.453779378143521761e-01,3.031847530945699365e-01,8.468811595224915931e-03,7.897851349329935587e-05,1.428895189823596035e-01
5.752274990316681436e-01,6.954595835421500949e-02,2.711967796434478720e-03,5.622578606777343848e-05,3.524583490316145484e-01
9.088279811917987505e-01,1.832116402510398229e-02,1.086469422484118283e-03,3.536514274847019399e-05,7.172902021786450866e-02
7.189539540010854157e-01,6.753431338123033756e-02,2.534668908919018079e-03,6.016078848140798621e-05,2.109169029202838941e-01
4.685111522134897122e-01,6.087493153340567398e-02,2.428522777435020239e-03,5.858095366160974248e-05,4.681268125220079401e-01
3.862391103855030705e-01,7.979342785223732248e-02,3.012131587544435336e-03,6.648523251995368786e-05,5.308888449421953482e-01
5.423052860672957776e-01,5.805828599998105743e-02,2.304136600934897361e-03,5.342117562544943421e-05,3.972788701561628666e-01
7.519563372079546282e-01,3.001422783114538959e-02,9.007355756244984262e-04,3.086196534283340857e-05,2.170978374199325767e-01
7.500662364035417529e-01,7.826670375397055957e-02,2.049821274751302720e-03,4.494206628687135493e-05,1.695722965014495875e-01
6.643419706660724788e-01,1.777508845823028844e-02,6.155910938001743016e-04,3.270465296945939722e-05,3.172346451289275171e-01
6.985917893708215587e-01,3.786864331171146264e-02,8.922208096696627967e-04,2.479815456163965285e-05,2.626225483532358407e-01
5.518598666678632414e-01,1.342970778665125986e-01,2.724767826957923047e-03,4.661907608964892014e-05,3.110716685625766198e-01
6.345483085725592831e-01,8.170961908167068133e-02,1.642947018002430997e-03,3.699929151164419247e-05,2.820621260362559668e-01
7.486601268341366300e-01,6.236435309652599290e-02,1.504871128226121417e-03,3.311629651738531784e-05,1.874375326445939516e-01
6.228364875060011796e-01,1.746149083953489334e-01,3.721762707138726034e-03,4.193475132821770782e-05,1.987849066401830012e-01
4.078623874102568214e-01,3.345090169734511454e-01,7.576786664081903468e-03,4.285511619073419413e-05,2.500089538360193431e-01
2.616831154988693009e-01,2.095565457012464050e-01,6.233886212723721565e-03,5.977501572877452074e-05,5.224666775714318367e-01
2.510242633902264875e-01,1.768740795253357090e-01,5.475090036946446068e-03,5.488131441284571941e-05,5.665716857330785894e-01
3.885094703619050294e-01,1.860858666175642384e-01,4.897659945722634273e-03,4.448124008145091151e-05,4.204625218347266546e-01
4.033585110444156130e-01,1.476295839235784169e-01,5.058350416547240797e-03,7.300589233891944076e-05,4.438805487231198277e-01
3.279720278805856593e-01,3.137583707283355117e-01,1.191445346186849330e-02,1.129390794864207793e-04,3.462422088497239536e-01
2.503227282236566986e-01,1.660112168016361633e-01,5.577316952674171886e-03,6.079540654160865563e-05,5.780279426154912858e-01
3.109845868644906530e-01,2.231608488122736322e-01,6.615914494247749147e-03,5.862161429803729699e-05,4.591800282146899503e-01
2.781915119289216087e-01,2.993073657882149297e-01,9.140584843530460968e-03,5.784195545578241470e-05,4.133026954838771583e-01
3.256885374275857448e-01,1.794948552396293251e-01,4.996653912629634396e-03,4.931566694979670540e-05,4.897706377532053956e-01
4.212304609824085722e-01,9.297580947017552999e-02,2.919778042232712163e-03,4.638734523668543250e-05,4.828275641599464318e-01
4.775338670486962700e-01,2.194313496634447136e-01,5.918601595612518404e-03,5.211505464503353219e-05,2.970640666376013761e-01
4.484383757156725214e-01,2.246496194213752906e-01,5.664737411205978540e-03,3.552115920176100765e-05,3.212117462925445088e-01
2.867071967052829407e-01,3.210093649086144807e-01,7.925890785576825484e-03,3.992321416939152836e-05,3.843176243863564157e-01
2.122135141535906877e-01,4.088223101154249695e-01,1.307351219187474420e-02,5.139863124182078894e-05,3.658392649078676673e-01
1.340013907343632349e-01,4.806688094204512596e-01,1.729744548629636933e-02,4.680186211925260921e-05,3.679855524967699520e-01
1.924225724343581467e-01,5.124635875983195588e-01,2.051693718692589041e-02,5.501155115280189045e-05,2.745418912292436064e-01
2.750218579988776280e-01,7.216756444648896041e-02,2.659067419172140342e-03,2.676178479870004590e-05,6.501247483506625846e-01
7.553031020267975126e-01,1.907574362877226606e-02,6.348090771449362317e-04,1.441023137995943858e-05,2.249719350359054570e-01
7.875106297531464516e-01,1.678518885256326254e-02,4.396382750986060667e-04,1.232823629895917941e-05,1.952522148828925441e-01
8.063354368655990534e-01,2.860581811113187614e-02,5.648712979517243752e-04,1.418173652660854218e-05,1.644796919887908104e-01
6.458251747693859457e-01,1.146273036014955893e-01,2.085108283824495170e-03,2.867489634263530453e-05,2.374337384489514646e-01
6.905854061297403979e-01,7.792331136650093582e-02,1.462314676391259990e-03,2.615155740152258672e-05,2.300028162699659928e-01
6.634550741733401535e-01,4.307648719774048729e-02,1.129545937013109276e-03,2.721636154587751062e-05,2.923116763303604815e-01
7.983734892864455812e-01,4.611071990948809735e-02,1.030677291179334142e-03,3.159830149281892865e-05,1.544535152113942211e-01
4.371682817510739727e-01,1.646993793858031810e-02,6.365578321403143891e-04,2.670564040953274910e-05,5.456985168377960216e-01
4.985736613737218326e-01,5.493134478206407323e-02,1.914047794589735473e-03,4.361022973879090912e-05,4.445373358198855818e-01
2.536181823636287636e-01,3.570894170079055852e-02,1.059400680229839959e-03,2.042868737554038946e-05,7.095930465679752830e-01
6.452686518805792470e-01,2.112995702175267387e-02,5.854600432042269750e-04,1.731789930104296293e-05,3.329986131551628259e-01
8.071024948063442173e-01,2.753594280587608883e-02,5.886636949330649893e-04,1.976109504029081881e-05,1.647531375978061319e-01
4.366272467893722586e-01,7.121577653971720989e-02,1.335774420128979208e-03,3.382394196375731831e-05,4.907873783088176900e-01
3.942158113419687027e-01,6.430139811864235555e-02,1.332672878394482608e-03,2.523266304959075545e-05,5.401248849979449762e-01
3.142758485849985739e-01,3.181451741100538300e-02,8.045556378542246092e-04,2.096301027594281202e-05,6.530841153558658574e-01
3.715059909565740504e-01,5.702127931264752703e-02,1.244857676404241466e-03,2.806101259913913024e-05,5.701998110417749732e-01
5.938808673868923860e-01,7.868350806837705325e-02,1.572759300884337590e-03,2.863368213142932929e-05,3.258342315617147045e-01
5.706476913441907994e-01,5.164739233245400907e-02,1.192480246146489795e-03,2.211785021961576201e-05,3.764903182269890847e-01
4.857685712384166576e-01,1.640936613961333987e-02,4.254053636491393489e-04,1.423810466846464722e-05,4.973824191536523331e-01
3.208251631754286959e-01,1.713322430335267182e-02,4.507840653218205158e-04,1.426171797332373943e-05,6.615765667379236437e-01
2.631816749800285349e-01,1.173006085019791256e-02,3.495620643522180920e-04,1.475838242998221487e-05,7.247239437229910930e-01
2.120602999575445791e-01,1.380989414469580186e-02,4.900206842956899645e-04,2.068694578525564603e-05,7.736190982676787176e-01
3.226786511527662271e-01,4.951415333693989090e-02,1.355644853810296802e-03,3.352020485774654757e-05,6.264180304516259179e-01
1.407010719645714336e-01,2.840839162932616568e-02,8.025111362988059018e-04,2.001510114909830395e-05,8.300680101686545020e-01
9.554338481021140694e-02,1.771081731086601024e-02,5.530243243983767008e-04,1.066349838308031674e-05,8.861821100561411146e-01
1.041685250153874670e-01,7.171653847250576697e-02,2.027623262770875037e-03,2.389937995938392539e-05,8.220634138693765358e-01
9.149737915147347633e-02,1.318612346938678181e-01,3.808719865605156470e-03,3.046546057028850859e-05,7.728022008284832767e-01
5.508280277732273411e-02,6.070151506309366674e-02,1.971244451214618221e-03,1.595822876269796520e-05,8.822284794796062535e-01
1.033497334931710449e-01,1.368115246969414667e-01,5.029239063389288195e-03,3.301166637828221870e-05,7.547764910801196825e-01
2.083027914788561641e-01,2.277969620429870778e-01,7.543644770457334607e-03,4.772703363339326311e-05,5.563088746740659785e-01
1.719007687259156703e-01,3.819314720662360108e-01,1.368061825635569044e-02,6.257565456056031136e-05,4.324245652969320175e-01
1.404895523214921838e-01,2.408801819085953366e-01,8.923289690221866688e-03,4.946918420510789673e-05,6.096575068954854792e-01
1.805400097983552721e-01,7.221702921341552339e-02,2.893959536758577891e-03,3.090148586446323306e-05,7.443180999656062724e-01
1.529560756160205648e-01,6.841957257360339884e-02,2.307077590267537365e-03,2.926141872035755044e-05,7.762880128013881498e-01
1.553049612975483385e-01,3.295195500710407233e-02,1.215691606950625257e-03,2.273704378350978282e-05,8.105046550446134423e-01
2.242223857243425544e-01,7.729365177610234006e-02,2.562498224565971146e-03,3.427673777206556225e-05,6.958871875372170113e-01
2.377790756468223521e-01,1.450705813839314740e-01,4.566230325953398936e-03,4.012706335401295088e-05,6.125439855799387212e-01
2.938778622054126211e-01,2.054605625197040430e-01,5.786944737568997660e-03,4.099682694117955280e-05,4.948336337103731997e-01
1.659735776566497734e-01,3.569038417030984123e-01,1.389874836774892750e-02,4.612125865983176783e-05,4.631777110138430853e-01
2.053550684025331197e-01,4.066461149430787292e-01,1.480120868746229515e-02,4.779962980346055758e-05,3.731498083371223018e-01
5.642950196836643562e-01,2.706796911108856341e-01,1.153800305340030655e-02,4.716805084399791620e-05,1.534401181012057525e-01
7.462715451920041154e-01,1.848600916951130824e-01,5.746268134047238275e-03,3.364849128964433612e-05,6.308844648754603768e-02
7.618526710135036240e-01,1.819709849078204877e-01,5.644212772218758570e-03,3.570940150421644338e-05,5.049642190495302885e-02
3.660881895409267006e-01,5.300935295511067791e-01,1.610719949643182533e-02,4.226504264122422677e-05,8.766881636889346796e-02
1.539267040481839266e-01,6.836004827582853327e-01,3.378075950266975352e-02,7.657988055076523758e-05,1.286154738103102990e-01
5.631194550723973152e-02,6.630194857660978158e-01,6.696269132930313117e-02,1.115842757285369206e-04,2.135942931216308072e-01
3.562145024523773879e-02,6.220111989338623637e-01,6.921997615157540751e-02,9.835932352784176251e-05,2.730490153457966196e-01
5.417041377174993538e-02,6.451180635817297393e-01,9.172309652688769022e-02,1.541489447745281443e-04,2.088342771748578908e-01
3.067812301118718471e-02,5.417448171725669503e-01,1.103722737598682863e-01,2.755422599803286458e-04,3.169292437963971976e-01
2.881612989038753736e-02,5.122446189610198042e-01,1.140924809470442447e-01,2.980867923651755666e-04,3.445486834091832096e-01
2.172909944303350049e-02,4.668699570691224876e-01,9.726553487894396000e-02,2.610560140180506251e-04,4.138743525948820334e-01
2.951111366608073772e-02,4.812042457482927915e-01,8.382879689318079031e-02,2.201110596469388304e-04,4.052357326327986620e-01
2.579543403517142036e-02,4.978631774157213918e-01,9.858626542328609299e-02,2.219392216430869853e-04,3.775331839041779491e-01
1.146337594932332199e-01,5.287618522863356540e-01,9.002687650883620107e-02,1.743731514454820424e-04,2.664031385601494106e-01
9.153378734535573547e-02,6.160274006434153238e-01,8.140953073946728680e-02,1.068029667497781700e-04,2.109224783050117624e-01
7.085178627698257570e-02,6.477075227073555430e-01,9.089443216303967621e-02,9.282309725764437732e-05,1.904534357553646085e-01
5.851186449448570609e-02,6.316598781400992735e-01,9.170209887419530914e-02,1.054206108930535270e-04,2.180207378803266649e-01
2.711761330646409243e-02,5.928904087888865471e-01,1.919778098958583035e-01,2.249429527273948354e-04,1.877892250560637410e-01
3.067527963223527776e-02,3.023344793978790523e-01,5.094025194216675878e-01,2.139520689535781995e-03,1.554482008586823283e-01
7.439940994312105316e-02,4.704375281936819531e-01,2.696288575683405409e-01,7.844539177911578030e-04,1.847497503770653415e-01
8.002612698866104490e-02,5.577544921984985971e-01,1.522171186481362515e-01,3.458971804616139262e-04,2.096563649842425048e-01
2.747748003342890058e-02,5.815964861361460070e-01,1.902877298531245875e-01,3.159427683629856417e-04,2.003223612089375383e-01
1.727497998498442322e-02,5.464901182056682849e-01,1.838657040416488420e-01,2.823887565478635890e-04,2.520868090111507143e-01
1.476049733361071113e-02,3.306982130658282504e-01,2.247401529506024842e-01,6.470722747345535215e-04,4.291540643752239648e-01
1.860480043448987930e-02,3.788179460702690293e-01,3.340867551945053693e-01,7.028940736668968245e-04,2.677876042270687651e-01
1.087485330924979794e-02,3.238862026480557321e-01,4.884970237419773986e-01,1.242221532727718226e-03,1.754996987679893206e-01
1.687633404773535364e-02,3.915000553181529619e-01,3.802073497685340420e-01,9.262820417965877354e-04,2.104899788237811487e-01
1.774336223982339936e-02,4.479394948419750389e-01,3.170326573139934379e-01,6.299961072394793041e-04,2.166544894969685553e-01
1.417598465864974497e-02,2.973971318346253501e-01,6.042460224658365853e-01,1.458719337322826604e-03,8.272214170356570473e-02
1.266440281102050938e-02,3.288515482449602123e-01,5.926595186433152307e-01,1.041068589091952113e-03,6.478346171161217248e-02
1.399183724563738199e-02,3.099304278605547469e-01,6.223351614981164071e-01,1.164599746560556967e-03,5.257797364913090188e-02
1.226273724243939073e-02,3.454213004485518490e-01,5.274910830040433485e-01,1.497281120370111927e-03,1.133275981845953267e-01
2.453354493451484486e-02,2.465082664751138408e-01,6.854856621957468032e-01,1.814242465052009470e-03,4.165828392957248577e-02
2.206653697799464478e-02,3.188083112737267744e-01,5.627919325080573687e-01,1.639149820047588763e-03,9.469406942017351281e-02
2.138411845525476848e-02,3.677334427700360009e-01,5.569721240681080321e-01,6.986526182754279439e-04,5.321166208832579098e-02
1.288268156402557971e-02,2.549461702072615132e-01,7.024582663032022944e-01,1.087913541102786524e-03,2.862496838440786728e-02
1.260493620563000669e-02,3.021760685756709752e-01,6.377097228084485092e-01,9.257654299136922624e-04,4.658350698033679460e-02
8.126058290168970688e-03,1.683701630723324072e-01,8.099728937238894755e-01,1.582640622965817779e-03,1.194824429064329264e-02
9.251645788451090188e-03,6.296168633099634426e-02,9.225940744937720650e-01,3.155019556541949037e-03,2.037573830238685949e-03
1.542899679955724891e-02,6.982201419657423080e-02,9.105060499920164530e-01,2.303941687716122653e-03,1.938997324135793105e-03
1.029629168489498876e-02,6.891929554836483118e-02,9.158343145148174491e-01,2.982929746516493636e-03,1.967168505406326640e-03
3.866033064326447870e-03,2.374192016412937645e-02,9.603690051698700048e-01,1.073902999105073343e-02,1.284011610623440099e-03
3.227123128393947962e-03,2.897259265565923017e-02,9.627479070095943392e-01,4.376155478943291773e-03,6.762217274090580798e-04
5.991726577762456103e-03,3.900215220369879221e-02,9.504560948953491017e-01,3.750619075238258507e-03,7.994072479514918294e-04
5.978670207826049937e-03,6.307944201859866373e-02,9.272763626698431461e-01,2.208403220896277240e-03,1.457121882835787788e-03
3.617905561247522234e-03,1.979690589569740866e-02,9.717252007768552025e-01,4.314044609665090499e-03,5.459431565347627052e-04
3.317303249387881618e-03,6.685747264280898945e-03,9.655084068050583390e-01,2.417955372319247759e-02,3.089889580802518019e-04
3.835771794498874648e-03,1.263638953938229711e-02,9.695582882019094795e-01,1.337608208117152531e-02,5.934683830378898080e-04
3.400962282710346014e-03,9.815086895371477257e-03,9.691577323905373742e-01,1.730665296892647601e-02,3.195654624541677952e-04
